100 100
5 1
2268
0 0
1 0
2 0
3 0
4 0
5 0
6 0
7 0
8 0
9 0
10 0
11 0
12 0
13 0
14 0
15 0
16 0
17 0
18 0
19 0
20 0
21 0
22 0
23 0
24 0
25 0
26 0
27 0
28 0
29 0
30 0
31 0
32 0
33 0
34 0
35 0
36 0
37 0
38 0
39 0
40 0
41 0
42 0
43 0
44 0
45 0
46 0
47 0
48 0
49 0
50 0
51 0
52 0
53 0
54 0
55 0
56 0
57 0
58 0
59 0
60 0
61 0
62 0
63 0
64 0
65 0
66 0
67 0
68 0
69 0
70 0
71 0
72 0
73 0
74 0
75 0
76 0
77 0
78 0
79 0
80 0
81 0
82 0
83 0
84 0
85 0
86 0
87 0
88 0
89 0
90 0
91 0
92 0
93 0
94 0
95 0
96 0
97 0
98 0
99 0
0 1
14 1
31 1
39 1
45 1
46 1
51 1
52 1
57 1
73 1
74 1
75 1
76 1
81 1
90 1
99 1
0 2
8 2
13 2
16 2
20 2
22 2
25 2
35 2
37 2
45 2
48 2
50 2
54 2
56 2
61 2
64 2
65 2
67 2
85 2
86 2
87 2
92 2
99 2
0 3
10 3
19 3
20 3
23 3
27 3
34 3
35 3
40 3
43 3
44 3
45 3
47 3
48 3
53 3
55 3
65 3
80 3
84 3
85 3
94 3
99 3
0 4
1 4
5 4
6 4
7 4
8 4
14 4
16 4
17 4
22 4
24 4
28 4
34 4
38 4
50 4
51 4
55 4
62 4
63 4
64 4
65 4
67 4
69 4
70 4
76 4
77 4
84 4
86 4
88 4
92 4
97 4
99 4
0 5
3 5
7 5
14 5
24 5
26 5
29 5
30 5
35 5
36 5
40 5
49 5
54 5
71 5
73 5
74 5
79 5
81 5
92 5
95 5
99 5
0 6
5 6
10 6
11 6
16 6
17 6
18 6
20 6
25 6
28 6
31 6
37 6
38 6
47 6
52 6
53 6
56 6
60 6
66 6
67 6
68 6
69 6
71 6
72 6
87 6
89 6
99 6
0 7
2 7
6 7
11 7
27 7
29 7
32 7
36 7
37 7
38 7
41 7
47 7
52 7
59 7
71 7
72 7
75 7
78 7
82 7
86 7
90 7
95 7
98 7
99 7
0 8
4 8
8 8
9 8
12 8
16 8
19 8
22 8
24 8
26 8
27 8
28 8
42 8
48 8
54 8
60 8
63 8
65 8
66 8
70 8
71 8
76 8
78 8
82 8
92 8
93 8
97 8
98 8
99 8
0 9
18 9
23 9
27 9
34 9
42 9
54 9
55 9
58 9
65 9
67 9
76 9
86 9
92 9
95 9
99 9
0 10
3 10
8 10
9 10
20 10
34 10
35 10
43 10
45 10
48 10
53 10
56 10
58 10
61 10
63 10
73 10
76 10
77 10
78 10
84 10
93 10
99 10
0 11
6 11
9 11
13 11
17 11
20 11
36 11
41 11
42 11
46 11
47 11
50 11
52 11
54 11
61 11
63 11
70 11
98 11
99 11
0 12
1 12
9 12
19 12
21 12
30 12
31 12
36 12
37 12
47 12
52 12
54 12
57 12
61 12
77 12
79 12
81 12
88 12
95 12
96 12
97 12
99 12
0 13
1 13
8 13
12 13
13 13
19 13
20 13
21 13
22 13
27 13
28 13
29 13
40 13
49 13
54 13
60 13
62 13
66 13
68 13
70 13
99 13
0 14
10 14
14 14
16 14
21 14
26 14
28 14
31 14
32 14
36 14
37 14
40 14
43 14
46 14
51 14
52 14
54 14
71 14
76 14
84 14
96 14
99 14
0 15
1 15
15 15
16 15
24 15
36 15
45 15
50 15
54 15
60 15
61 15
66 15
68 15
70 15
82 15
83 15
85 15
99 15
0 16
29 16
36 16
37 16
39 16
48 16
55 16
56 16
61 16
69 16
72 16
84 16
95 16
96 16
98 16
99 16
0 17
8 17
9 17
14 17
17 17
19 17
29 17
32 17
36 17
46 17
47 17
50 17
54 17
55 17
57 17
59 17
69 17
70 17
82 17
92 17
93 17
97 17
99 17
0 18
9 18
10 18
14 18
16 18
17 18
25 18
29 18
30 18
35 18
36 18
40 18
57 18
79 18
82 18
83 18
86 18
88 18
99 18
0 19
5 19
9 19
23 19
26 19
37 19
43 19
50 19
53 19
70 19
86 19
87 19
88 19
99 19
0 20
3 20
4 20
18 20
21 20
29 20
32 20
47 20
52 20
81 20
85 20
86 20
90 20
93 20
99 20
0 21
3 21
15 21
16 21
21 21
31 21
49 21
50 21
52 21
53 21
56 21
57 21
68 21
70 21
71 21
85 21
95 21
99 21
0 22
7 22
9 22
17 22
18 22
24 22
27 22
39 22
43 22
48 22
50 22
61 22
74 22
77 22
79 22
83 22
88 22
90 22
91 22
92 22
96 22
99 22
0 23
4 23
23 23
26 23
40 23
48 23
50 23
60 23
61 23
63 23
69 23
72 23
74 23
79 23
83 23
88 23
89 23
91 23
95 23
99 23
0 24
1 24
3 24
16 24
21 24
24 24
28 24
36 24
38 24
42 24
60 24
77 24
78 24
94 24
97 24
99 24
0 25
2 25
3 25
12 25
15 25
16 25
19 25
27 25
33 25
34 25
35 25
44 25
54 25
61 25
65 25
68 25
69 25
78 25
79 25
80 25
81 25
85 25
86 25
88 25
93 25
99 25
0 26
23 26
33 26
40 26
43 26
46 26
47 26
49 26
50 26
51 26
65 26
66 26
67 26
69 26
71 26
74 26
93 26
97 26
99 26
0 27
1 27
6 27
7 27
33 27
38 27
50 27
52 27
53 27
81 27
83 27
87 27
91 27
98 27
99 27
0 28
3 28
5 28
7 28
10 28
12 28
15 28
24 28
25 28
31 28
34 28
39 28
46 28
54 28
62 28
65 28
70 28
72 28
75 28
76 28
80 28
83 28
85 28
88 28
90 28
94 28
97 28
98 28
99 28
0 29
1 29
4 29
5 29
10 29
29 29
42 29
51 29
53 29
54 29
63 29
69 29
71 29
73 29
74 29
78 29
82 29
87 29
90 29
95 29
99 29
0 30
1 30
4 30
6 30
11 30
15 30
18 30
23 30
24 30
28 30
29 30
40 30
43 30
47 30
48 30
54 30
57 30
61 30
71 30
73 30
89 30
91 30
94 30
99 30
0 31
3 31
4 31
6 31
10 31
15 31
17 31
25 31
26 31
40 31
51 31
52 31
53 31
64 31
79 31
80 31
85 31
87 31
88 31
91 31
94 31
99 31
0 32
2 32
11 32
14 32
21 32
29 32
34 32
43 32
44 32
48 32
62 32
75 32
78 32
79 32
83 32
96 32
99 32
0 33
7 33
8 33
15 33
16 33
20 33
23 33
27 33
32 33
38 33
39 33
48 33
51 33
64 33
67 33
73 33
74 33
75 33
86 33
89 33
91 33
95 33
99 33
0 34
19 34
20 34
23 34
29 34
34 34
35 34
38 34
43 34
46 34
51 34
52 34
56 34
62 34
67 34
74 34
78 34
81 34
86 34
89 34
95 34
98 34
99 34
0 35
6 35
7 35
8 35
14 35
18 35
35 35
43 35
57 35
61 35
62 35
63 35
67 35
68 35
83 35
90 35
95 35
98 35
99 35
0 36
5 36
7 36
15 36
17 36
22 36
30 36
35 36
36 36
38 36
40 36
41 36
42 36
43 36
50 36
56 36
60 36
61 36
74 36
76 36
77 36
79 36
86 36
87 36
88 36
90 36
93 36
99 36
0 37
1 37
18 37
33 37
34 37
40 37
41 37
47 37
52 37
55 37
57 37
62 37
66 37
72 37
75 37
90 37
99 37
0 38
1 38
3 38
18 38
24 38
28 38
29 38
33 38
36 38
42 38
44 38
45 38
47 38
48 38
49 38
54 38
65 38
68 38
77 38
82 38
88 38
99 38
0 39
1 39
5 39
7 39
21 39
27 39
28 39
39 39
64 39
66 39
68 39
74 39
84 39
88 39
90 39
91 39
94 39
99 39
0 40
8 40
12 40
15 40
16 40
23 40
25 40
31 40
38 40
44 40
47 40
54 40
57 40
66 40
67 40
76 40
78 40
80 40
90 40
91 40
92 40
93 40
99 40
0 41
2 41
15 41
19 41
20 41
23 41
24 41
28 41
29 41
40 41
46 41
52 41
58 41
64 41
65 41
67 41
72 41
77 41
80 41
82 41
85 41
88 41
91 41
95 41
97 41
99 41
0 42
5 42
7 42
14 42
20 42
24 42
31 42
34 42
40 42
41 42
42 42
47 42
48 42
50 42
51 42
64 42
74 42
76 42
83 42
85 42
87 42
89 42
94 42
99 42
0 43
10 43
12 43
13 43
14 43
18 43
20 43
26 43
29 43
38 43
40 43
41 43
42 43
44 43
52 43
60 43
62 43
71 43
73 43
75 43
80 43
95 43
99 43
0 44
1 44
4 44
5 44
11 44
13 44
18 44
19 44
20 44
26 44
35 44
37 44
45 44
47 44
54 44
63 44
70 44
81 44
92 44
95 44
96 44
99 44
0 45
1 45
4 45
5 45
12 45
15 45
22 45
23 45
41 45
42 45
43 45
47 45
59 45
63 45
68 45
73 45
76 45
80 45
83 45
88 45
98 45
99 45
0 46
1 46
5 46
14 46
15 46
32 46
38 46
45 46
48 46
51 46
58 46
67 46
82 46
89 46
91 46
94 46
95 46
99 46
0 47
7 47
8 47
13 47
15 47
20 47
22 47
24 47
35 47
37 47
39 47
44 47
47 47
48 47
49 47
54 47
62 47
65 47
74 47
75 47
76 47
85 47
91 47
99 47
0 48
2 48
5 48
9 48
17 48
25 48
26 48
28 48
30 48
31 48
46 48
49 48
53 48
56 48
60 48
61 48
71 48
74 48
75 48
80 48
81 48
90 48
91 48
99 48
0 49
2 49
3 49
10 49
17 49
29 49
30 49
36 49
61 49
84 49
92 49
99 49
0 50
9 50
11 50
16 50
34 50
36 50
44 50
48 50
63 50
65 50
75 50
76 50
82 50
87 50
94 50
99 50
0 51
5 51
9 51
11 51
21 51
24 51
25 51
38 51
44 51
57 51
61 51
63 51
71 51
72 51
74 51
75 51
76 51
81 51
94 51
99 51
0 52
5 52
8 52
21 52
24 52
32 52
45 52
55 52
56 52
74 52
77 52
92 52
97 52
99 52
0 53
1 53
8 53
9 53
15 53
20 53
26 53
35 53
40 53
42 53
43 53
50 53
53 53
58 53
59 53
63 53
70 53
74 53
90 53
93 53
97 53
98 53
99 53
0 54
4 54
5 54
9 54
11 54
14 54
16 54
23 54
30 54
42 54
57 54
59 54
67 54
73 54
76 54
79 54
82 54
99 54
0 55
2 55
6 55
13 55
18 55
23 55
27 55
31 55
36 55
37 55
46 55
47 55
52 55
59 55
66 55
68 55
75 55
78 55
85 55
88 55
99 55
0 56
1 56
7 56
12 56
24 56
26 56
28 56
31 56
33 56
39 56
44 56
51 56
59 56
66 56
75 56
85 56
96 56
97 56
99 56
0 57
1 57
8 57
15 57
17 57
18 57
21 57
22 57
24 57
25 57
27 57
28 57
33 57
34 57
37 57
42 57
49 57
59 57
68 57
75 57
76 57
86 57
88 57
92 57
96 57
99 57
0 58
4 58
8 58
12 58
16 58
17 58
20 58
26 58
36 58
37 58
40 58
48 58
55 58
56 58
59 58
61 58
64 58
72 58
76 58
78 58
82 58
95 58
96 58
99 58
0 59
4 59
6 59
15 59
21 59
25 59
26 59
41 59
43 59
45 59
55 59
59 59
63 59
68 59
75 59
76 59
78 59
79 59
86 59
88 59
91 59
94 59
96 59
99 59
0 60
1 60
2 60
13 60
18 60
25 60
30 60
37 60
58 60
64 60
68 60
73 60
83 60
90 60
99 60
0 61
6 61
7 61
21 61
23 61
31 61
33 61
38 61
39 61
44 61
47 61
53 61
54 61
56 61
61 61
69 61
79 61
84 61
90 61
99 61
0 62
2 62
3 62
11 62
12 62
13 62
19 62
22 62
33 62
37 62
41 62
43 62
52 62
56 62
58 62
64 62
66 62
82 62
86 62
99 62
0 63
6 63
19 63
21 63
25 63
45 63
46 63
47 63
51 63
55 63
59 63
62 63
64 63
67 63
89 63
93 63
99 63
0 64
1 64
5 64
10 64
15 64
17 64
28 64
35 64
36 64
37 64
39 64
66 64
68 64
69 64
75 64
77 64
80 64
81 64
91 64
98 64
99 64
0 65
7 65
9 65
12 65
15 65
34 65
41 65
46 65
48 65
49 65
51 65
56 65
63 65
67 65
70 65
71 65
72 65
77 65
78 65
86 65
87 65
89 65
90 65
95 65
97 65
99 65
0 66
8 66
12 66
16 66
19 66
24 66
29 66
30 66
46 66
56 66
57 66
58 66
64 66
77 66
83 66
85 66
87 66
88 66
89 66
90 66
92 66
94 66
97 66
98 66
99 66
0 67
3 67
5 67
8 67
15 67
17 67
19 67
35 67
51 67
59 67
62 67
73 67
75 67
80 67
84 67
85 67
93 67
99 67
0 68
2 68
3 68
6 68
7 68
17 68
20 68
21 68
23 68
31 68
36 68
43 68
46 68
51 68
53 68
54 68
57 68
64 68
65 68
69 68
74 68
86 68
89 68
96 68
99 68
0 69
4 69
6 69
7 69
11 69
17 69
23 69
27 69
34 69
37 69
38 69
46 69
48 69
50 69
52 69
56 69
62 69
63 69
64 69
65 69
69 69
70 69
71 69
72 69
76 69
86 69
88 69
89 69
94 69
95 69
97 69
98 69
99 69
0 70
3 70
8 70
11 70
18 70
27 70
29 70
36 70
38 70
48 70
49 70
50 70
70 70
71 70
76 70
95 70
97 70
98 70
99 70
0 71
3 71
16 71
21 71
22 71
40 71
48 71
61 71
66 71
67 71
76 71
82 71
86 71
88 71
99 71
0 72
4 72
5 72
6 72
9 72
16 72
18 72
21 72
28 72
33 72
49 72
51 72
56 72
69 72
73 72
84 72
87 72
88 72
91 72
93 72
94 72
99 72
0 73
10 73
14 73
15 73
27 73
33 73
35 73
38 73
40 73
51 73
58 73
64 73
66 73
67 73
71 73
72 73
75 73
77 73
79 73
87 73
93 73
99 73
0 74
9 74
20 74
26 74
31 74
51 74
54 74
55 74
56 74
59 74
61 74
63 74
64 74
72 74
78 74
83 74
99 74
0 75
2 75
8 75
11 75
12 75
18 75
22 75
26 75
27 75
38 75
39 75
49 75
50 75
52 75
61 75
64 75
67 75
89 75
90 75
94 75
98 75
99 75
0 76
1 76
8 76
15 76
17 76
28 76
29 76
32 76
36 76
45 76
56 76
57 76
65 76
66 76
68 76
72 76
78 76
90 76
92 76
93 76
94 76
99 76
0 77
9 77
13 77
14 77
16 77
20 77
27 77
28 77
30 77
36 77
41 77
44 77
45 77
47 77
50 77
53 77
59 77
67 77
77 77
84 77
90 77
99 77
0 78
10 78
21 78
25 78
26 78
28 78
33 78
37 78
40 78
44 78
47 78
48 78
53 78
55 78
59 78
66 78
67 78
79 78
86 78
89 78
99 78
0 79
1 79
7 79
8 79
12 79
27 79
30 79
31 79
32 79
34 79
35 79
38 79
40 79
45 79
56 79
80 79
82 79
95 79
96 79
97 79
99 79
0 80
3 80
6 80
9 80
16 80
19 80
28 80
38 80
41 80
44 80
46 80
48 80
61 80
65 80
66 80
67 80
82 80
84 80
89 80
91 80
97 80
99 80
0 81
5 81
9 81
13 81
21 81
24 81
32 81
34 81
36 81
37 81
39 81
40 81
41 81
59 81
68 81
74 81
78 81
85 81
88 81
91 81
92 81
99 81
0 82
7 82
8 82
10 82
11 82
14 82
17 82
20 82
29 82
33 82
35 82
40 82
42 82
43 82
47 82
49 82
50 82
51 82
53 82
59 82
61 82
65 82
70 82
72 82
80 82
81 82
86 82
88 82
91 82
99 82
0 83
1 83
2 83
8 83
9 83
15 83
19 83
22 83
45 83
46 83
48 83
58 83
63 83
65 83
75 83
81 83
82 83
83 83
84 83
92 83
94 83
99 83
0 84
1 84
5 84
7 84
10 84
11 84
12 84
18 84
19 84
20 84
22 84
26 84
39 84
40 84
41 84
45 84
46 84
51 84
56 84
61 84
76 84
81 84
94 84
97 84
99 84
0 85
10 85
14 85
24 85
29 85
30 85
45 85
51 85
54 85
61 85
63 85
73 85
75 85
77 85
78 85
82 85
83 85
87 85
92 85
94 85
96 85
99 85
0 86
7 86
12 86
23 86
33 86
35 86
44 86
45 86
46 86
81 86
82 86
84 86
87 86
92 86
94 86
97 86
99 86
0 87
2 87
3 87
15 87
24 87
25 87
26 87
39 87
51 87
55 87
56 87
64 87
65 87
66 87
70 87
72 87
77 87
79 87
94 87
99 87
0 88
10 88
11 88
18 88
21 88
26 88
28 88
30 88
36 88
47 88
54 88
56 88
58 88
65 88
70 88
73 88
83 88
84 88
91 88
95 88
98 88
99 88
0 89
1 89
3 89
9 89
18 89
22 89
23 89
35 89
36 89
44 89
48 89
51 89
67 89
74 89
80 89
94 89
95 89
97 89
99 89
0 90
2 90
5 90
7 90
8 90
11 90
15 90
17 90
33 90
37 90
42 90
53 90
55 90
56 90
58 90
69 90
72 90
79 90
84 90
87 90
88 90
89 90
94 90
98 90
99 90
0 91
1 91
2 91
10 91
14 91
18 91
29 91
39 91
41 91
45 91
50 91
77 91
78 91
80 91
83 91
96 91
98 91
99 91
0 92
1 92
13 92
18 92
19 92
23 92
30 92
40 92
45 92
54 92
55 92
59 92
63 92
72 92
80 92
82 92
83 92
84 92
86 92
93 92
95 92
97 92
99 92
0 93
15 93
17 93
26 93
30 93
33 93
35 93
36 93
41 93
55 93
66 93
93 93
94 93
99 93
0 94
3 94
7 94
11 94
12 94
24 94
49 94
61 94
68 94
78 94
81 94
86 94
87 94
90 94
92 94
99 94
0 95
4 95
11 95
13 95
17 95
18 95
23 95
33 95
36 95
37 95
38 95
56 95
62 95
71 95
72 95
83 95
85 95
99 95
0 96
6 96
10 96
14 96
17 96
36 96
42 96
44 96
45 96
46 96
49 96
59 96
67 96
74 96
91 96
99 96
0 97
9 97
16 97
21 97
23 97
32 97
34 97
35 97
36 97
40 97
41 97
47 97
49 97
50 97
51 97
52 97
55 97
64 97
67 97
71 97
73 97
74 97
83 97
85 97
88 97
91 97
92 97
97 97
99 97
0 98
2 98
4 98
5 98
14 98
17 98
20 98
23 98
28 98
29 98
38 98
52 98
55 98
59 98
63 98
64 98
89 98
90 98
92 98
93 98
94 98
99 98
0 99
1 99
2 99
3 99
4 99
5 99
6 99
7 99
8 99
9 99
10 99
11 99
12 99
13 99
14 99
15 99
16 99
17 99
18 99
19 99
20 99
21 99
22 99
23 99
24 99
25 99
26 99
27 99
28 99
29 99
30 99
31 99
32 99
33 99
34 99
35 99
36 99
37 99
38 99
39 99
40 99
41 99
42 99
43 99
44 99
45 99
46 99
47 99
48 99
49 99
50 99
51 99
52 99
53 99
54 99
55 99
56 99
57 99
58 99
59 99
60 99
61 99
62 99
63 99
64 99
65 99
66 99
67 99
68 99
69 99
70 99
71 99
72 99
73 99
74 99
75 99
76 99
77 99
78 99
79 99
80 99
81 99
82 99
83 99
84 99
85 99
86 99
87 99
88 99
89 99
90 99
91 99
92 99
93 99
94 99
95 99
96 99
97 99
98 99
99 99
381
12 1
21 1
36 1
72 1
33 2
83 2
84 2
89 2
28 3
75 3
19 4
20 4
57 4
9 5
20 5
9 6
65 6
30 7
50 7
57 7
63 7
76 7
92 7
44 8
3 9
40 9
59 9
64 9
75 9
2 10
33 10
54 10
86 10
27 11
35 11
40 11
60 11
7 12
15 12
64 12
68 12
92 12
94 12
11 13
34 13
56 13
78 13
29 14
47 14
17 15
26 15
63 15
65 15
69 15
35 16
47 16
68 16
93 16
87 17
32 18
55 18
70 18
76 18
27 19
40 19
79 20
10 21
63 21
65 21
69 21
34 22
35 22
76 22
33 23
43 24
57 24
67 24
74 24
79 24
80 24
4 25
39 25
58 25
59 25
90 25
91 25
1 26
7 26
14 26
41 26
52 26
68 26
91 26
21 27
34 27
40 27
54 27
86 27
11 28
16 28
17 28
38 28
73 28
79 28
92 28
59 29
8 30
16 30
34 30
35 30
44 30
32 31
55 31
81 31
18 32
33 32
47 32
91 32
94 32
95 32
98 32
6 33
28 33
47 33
6 34
24 34
30 34
47 34
92 34
11 35
15 35
33 35
44 35
74 35
75 35
11 36
24 36
80 36
20 37
29 37
61 37
84 37
8 38
78 38
81 38
84 38
20 39
37 39
45 39
50 39
58 39
76 39
98 39
20 40
34 40
49 40
50 40
52 40
69 40
71 40
74 40
36 41
62 41
70 41
76 41
11 42
55 42
91 42
15 43
17 43
54 43
63 43
64 43
70 43
89 43
92 43
8 44
23 44
46 44
14 45
17 45
27 45
54 45
62 45
71 45
9 46
34 46
75 46
79 46
1 47
5 47
61 47
87 47
93 47
4 48
14 48
19 48
35 48
12 49
46 49
66 49
46 50
80 50
93 50
3 51
60 51
29 52
31 52
40 52
59 52
61 52
67 52
84 52
52 53
67 53
72 53
92 53
17 54
41 54
56 54
5 55
43 55
87 55
53 56
55 56
74 56
80 56
87 56
93 56
47 57
65 57
72 57
73 57
81 57
38 58
68 58
89 58
20 59
32 59
39 59
58 59
50 60
80 60
84 60
16 61
91 61
36 62
39 62
76 62
89 62
11 63
14 63
83 63
16 64
22 64
25 64
74 64
1 65
27 65
54 65
61 65
4 66
71 66
50 67
58 67
29 68
35 68
77 68
2 69
15 69
22 69
92 69
13 70
41 70
67 70
69 70
25 71
27 71
47 71
72 71
32 72
74 72
11 73
43 73
56 73
4 74
35 74
71 74
79 74
80 74
91 74
92 74
25 75
19 76
24 76
27 76
75 76
83 76
11 77
46 77
78 77
86 77
8 78
65 78
71 79
37 80
56 80
56 81
66 81
81 81
93 81
30 82
92 82
4 83
5 83
6 83
10 83
42 83
44 83
47 83
79 83
37 84
85 84
91 84
92 84
6 85
57 85
59 85
79 85
22 86
41 86
47 86
52 86
63 86
80 86
83 86
28 87
34 87
71 87
14 88
44 88
64 88
94 88
2 89
13 89
26 89
60 89
64 89
9 90
29 90
91 90
96 90
49 91
89 91
10 93
13 93
25 93
53 93
72 93
82 93
33 94
34 94
38 94
47 94
98 94
14 95
35 95
98 95
35 96
37 96
54 96
66 96
72 96
92 96
12 97
65 97
27 98
41 98
47 98
56 98
98 98
